48
1.000000 0.500000 0.000000
0.961940 0.308658 0.000000
0.000000 0.000000 0.000000
0.961940 0.308658 0.000000
0.853553 0.146447 0.000000
0.000000 0.000000 0.000000
0.853553 0.146447 0.000000
0.691342 0.038060 0.000000
0.000000 0.000000 0.000000
0.691342 0.038060 0.000000
0.500000 0.000000 0.000000
0.000000 0.000000 0.000000
0.500000 0.000000 0.000000
0.308658 0.038060 0.000000
0.000000 0.000000 0.000000
0.308658 0.038060 0.000000
0.146447 0.146447 0.000000
0.000000 0.000000 0.000000
0.146447 0.146447 0.000000
0.038060 0.308658 0.000000
0.000000 0.000000 0.000000
0.038060 0.308658 0.000000
0.000000 0.500000 0.000000
0.000000 0.000000 0.000000
0.000000 0.500000 0.000000
0.038060 0.691342 0.000000
0.000000 0.000000 0.000000
0.038060 0.691342 0.000000
0.146447 0.853553 0.000000
0.000000 0.000000 0.000000
0.146447 0.853553 0.000000
0.308658 0.961940 0.000000
0.000000 0.000000 0.000000
0.308658 0.961940 0.000000
0.500000 1.000000 0.000000
0.000000 0.000000 0.000000
0.500000 1.000000 0.000000
0.691342 0.961940 0.000000
0.000000 0.000000 0.000000
0.691342 0.961940 0.000000
0.853553 0.853553 0.000000
0.000000 0.000000 0.000000
0.853553 0.853553 0.000000
0.961940 0.691342 0.000000
0.000000 0.000000 0.000000
0.961940 0.691342 0.000000
1.000000 0.500000 0.000000
0.000000 0.000000 0.000000
